-0.0923000121936956
-0.1114294962889001
-0.1008293307233379
-0.071552137308977
-0.0346190133204467
0.0063125570217366
0.0518485689790045
0.0978063883443547
0.1307160422523574
0.1340562434133668
0.1008302744865771
0.0413135354382941
-0.0216241819893278
-0.0664427809127762
-0.0848493356656537
-0.0825043020724704
-0.0695049749589402
-0.0504856028595791
-0.0235756013457486
0.0117703385673023
0.0470220704064789
0.06600551191823
0.0557858058238348
0.0178188339162005
-0.0308773999352898
-0.0682799857602967
-0.0811118517905306
-0.070653686983011
-0.046893108771488
-0.0177423944139197
0.0161303498451458
0.0564985909725169
0.0985830290078321
0.1280308249940432
0.1284627999019113
0.0938975749938918
0.035106441878049
-0.0261956630287807
-0.0708331957895807
-0.0922606179191339
-0.0956317881900084
-0.0883607980823263
-0.0720545801833186
-0.0435406258539497
-0.0032908003869199
0.0380758324438485
0.0630404188956192
0.0587628737391002
0.027283152232375
-0.0148070306785755
-0.0473386004750667
-0.059077207845334
-0.051713781514298
-0.0333436411263109
-0.0089197307672684
0.0227514627344763
0.062961702998589
0.1048201929711526
0.1321961140389165
0.1286932438333139
0.089758506188798
0.0274397629279729
-0.0366577474091315
-0.0844913406493262
-0.1100730825942568
-0.1173249103713107
-0.1111342815570078
-0.0912229471988938
-0.0548824516111493
-0.0053256018687117
0.0436593273626053
0.0730100736311208
0.0705211775587868
0.0397943385541344
-0.0018162937256158
-0.0347137666857731
-0.0484885143097414
-0.044405707390293
-0.0286051593336571
-0.0039812975542163
0.0308894317390286
0.0750662674236262
0.1183461948383535
0.1425350910754919
0.131775794560513
0.0839901594547501
0.0136940633481325
-0.0564717007659458
-0.1086110578937247
-0.1366627249879509
-0.1433435941891295
-0.1319142025705789
-0.1018577567907323
-0.052794251504531
0.0079383369647351
0.0629648048826609
0.0922609715091599
0.0854819798044622
0.049205615889295
0.0028429056817764
-0.0335414967405577
-0.0496907950673563
-0.0463449779477281
-0.0283679040902222
0.0019731631690111
0.0445571560856084
0.0947573642489561
0.1384969031079073
0.1560053128573525
0.1331960572301201
0.0719197082771639
-0.0095887642064886
-0.0867927371710249
-0.1415224129439162
-0.167741959638992
-0.16771328381305
-0.1444847536009652
-0.0990820872330152
-0.0350050651678605
0.0355766847378059
0.0921177368849998
0.1149553204511276
0.0972840187618295
0.050145615152378
-0.0039902215030245
-0.0441264813708757
-0.0602168110604029
-0.053097923972792
-0.0275655525923962
0.013138161797859
0.065837418574824
0.12140434393513
0.1621432216344717
0.1679329511307562
0.1281331841505194
0.0500215821099942
-0.043532849378939
-0.1258489408963192
-0.1788027719023155
-0.1971871960260737
-0.1840591978807403
-0.1438168572205851
-0.0805268860212648
-0.0024553080061885
0.0735553945021564
0.1250115488010277
0.1344415457993736
0.1003371964407422
0.0393553415765077
-0.0226070539660648
-0.0639166828789562
-0.0755099325526034
-0.0594505433665048
-0.0218437554052475
0.0317317458939979
0.0941514386081806
0.1518015211721981
0.1844161291444207
0.1732563991829919
0.1128746288363944
0.0171084392879228
-0.0862972742719161
-0.1690570234458896
-0.2141261115191902
-0.2184099458136369
-0.1871434767421003
-0.1273652608936741
-0.0470400501266329
0.0407779518785795
0.115579243500865
0.1547161267813034
0.1448619611723739
0.0912176929999171
0.0165170067204634
-0.050369959531707
-0.0882125294698985
-0.0901992242440381
-0.0608983088068117
-0.008858952478672
0.0572389977523773
0.1262465157538876
0.1808972137558717
0.199970329930142
0.1679700604695306
0.0860344342988214
-0.025022800482001
-0.1331964150973536
-0.2098977664851039
-0.2406786015474927
-0.2259494182097848
-0.1742186104604779
-0.0958237826774984
-0.0026379807370736
0.0883288438248976
0.1545247737281328
0.1751280583547587
0.1425971157423245
0.0695404719112962
-0.0156574467577606
-0.0824112064919967
-0.1114487431068961
-0.0996071603243636
-0.0549657397882888
0.0109504687622134
0.0863987607362152
0.1569420513873969
0.2030910854681352
0.2044713760508256
0.1503843014541215
0.0492272245586786
-0.0717058479419105
-0.1775953582203084
-0.2413736105473132
-0.2528070503081252
-0.2168849828848419
-0.1458340205902606
-0.0531113469453808
0.0463302228744112
0.132986415574248
0.1841186779494992
0.1824503614754405
0.1271692259124646
0.0380649658030016
-0.0521257563608402
-0.1129306064008252
-0.1287260176553276
-0.1010919328902776
-0.0419900526436528
0.0343553872179616
0.1139741769608824
0.180469728872836
0.2137755534766572
0.195910295986193
0.121842004821249
0.0069736176388062
-0.1163068948979098
-0.21239822438964
-0.2577040056846551
-0.2474834788505954
-0.1916893270431043
