       1      79     3600.0
      0.000000000     10.000000000      0.000000990      0.034006418
      1.000000000     10.000000000      0.000000995      0.034188428
      2.000000000     10.000000000      0.000001000      0.034373320
      3.000000000     10.000000000      0.000000503      0.034560443
      4.000000000     10.000000000      0.000000505      0.034750199
      5.000000000     10.000000000      0.000000508      0.034942346
      6.000000000     10.000000000      0.000000511      0.035137192
      7.000000000     10.000000000      0.000000514      0.035334683
      8.000000000     10.000000000      0.000000517      0.035534876
      9.000000000     10.000000000      0.000000520      0.035737712
     10.000000000     10.000000000      0.000000523      0.035943486
     11.000000000     10.000000000      0.000000526      0.036152144
     12.000000000     10.000000000      0.000000529      0.036363752
     13.000000000     10.000000000      0.000000533      0.036578248
     14.000000000     10.000000000      0.000000536      0.036795951
     15.000000000     10.000000000      0.000000539      0.037016806
     16.000000000     10.000000000      0.000000543      0.037240885
     17.000000000     10.000000000      0.000000547      0.037468263
     18.000000000     10.000000000      0.000000550      0.037699015
     19.000000000     10.000000000      0.000000554      0.037933221
     20.000000000     10.000000000      0.000000558      0.038170960
     21.000000000     10.000000000      0.000000562      0.038412317
     22.000000000     10.000000000      0.000000566      0.038657377
     23.000000000     10.000000000      0.000000570      0.038906229
     24.000000000     10.000000000      0.000000575      0.039158963
     25.000000000     10.000000000      0.000000579      0.039415675
     26.000000000     10.000000000      0.000000583      0.039676308
     27.000000000     10.000000000      0.000000588      0.039941264
     28.000000000     10.000000000      0.000000593      0.040210496
     29.000000000     10.000000000      0.000000598      0.040484112
     30.000000000     10.000000000      0.000000603      0.040762059
     31.000000000     10.000000000      0.000000608      0.041044771
     32.000000000     10.000000000      0.000000613      0.041332207
     33.000000000     10.000000000      0.000000618      0.041624487
     34.000000000     10.000000000      0.000000624      0.041921563
     35.000000000     10.000000000      0.000000629      0.042223908
     36.000000000     10.000000000      0.000000635      0.042531484
     37.000000000     10.000000000      0.000000641      0.042844430
     38.000000000     10.000000000      0.000000647      0.043162888
     39.000000000     10.000000000      0.000000653      0.043487007
     40.000000000     10.000000000      0.000000660      0.043816938
     41.000000000     10.000000000      0.000000666      0.044152841
     42.000000000     10.000000000      0.000000673      0.044494878
     43.000000000     10.000000000      0.000000680      0.044843220
     44.000000000     10.000000000      0.000000687      0.045198041
     45.000000000     10.000000000      0.000000694      0.045559524
     46.000000000     10.000000000      0.000000702      0.045927858
     47.000000000     10.000000000      0.000000710      0.046303020
     48.000000000     10.000000000      0.000000718      0.046685646
     49.000000000     10.000000000      0.000000726      0.047075731
     50.000000000     10.000000000      0.000000734      0.047473494
     51.000000000     10.000000000      0.000000743      0.047878926
     52.000000000     10.000000000      0.000000752      0.048292731
     53.000000000     10.000000000      0.000000761      0.048714922
     54.000000000     10.000000000      0.000000771      0.049145752
     55.000000000     10.000000000      0.000000780      0.049585231
     56.000000000     10.000000000      0.000000790      0.050034141
     57.000000000     10.000000000      0.000000801      0.050492518
     58.000000000     10.000000000      0.000000811      0.050960658
     59.000000000     10.000000000      0.000000822      0.051438873
