       1      79     3600.0
      0.000000000      0.370031546      0.000006438
      1.000000000      0.370025108      0.000006438
      2.000000000      0.370018554      0.000006554
      3.000000000      0.370012007      0.000006547
      4.000000000      0.370005466      0.000006540
      5.000000000      0.369998852      0.000006614
      6.000000000      0.369992161      0.000006691
      7.000000000      0.369985393      0.000006768
      8.000000000      0.369978546      0.000006847
      9.000000000      0.369971618      0.000006928
     10.000000000      0.369964608      0.000007010
     11.000000000      0.369957515      0.000007093
     12.000000000      0.369950337      0.000007178
     13.000000000      0.369943072      0.000007265
     14.000000000      0.369935719      0.000007353
     15.000000000      0.369928276      0.000007443
     16.000000000      0.369920742      0.000007535
     17.000000000      0.369913113      0.000007628
     18.000000000      0.369905390      0.000007724
     19.000000000      0.369897569      0.000007821
     20.000000000      0.369889649      0.000007920
     21.000000000      0.369881628      0.000008021
     22.000000000      0.369873504      0.000008124
     23.000000000      0.369865274      0.000008230
     24.000000000      0.369856936      0.000008337
     25.000000000      0.369848489      0.000008447
     26.000000000      0.369839930      0.000008559
     27.000000000      0.369831256      0.000008674
     28.000000000      0.369822465      0.000008791
     29.000000000      0.369813555      0.000008910
     30.000000000      0.369804522      0.000009033
     31.000000000      0.369795365      0.000009157
     32.000000000      0.369786080      0.000009285
     33.000000000      0.369776664      0.000009416
     34.000000000      0.369767115      0.000009549
     35.000000000      0.369757430      0.000009686
     36.000000000      0.369747605      0.000009825
     37.000000000      0.369737636      0.000009968
     38.000000000      0.369727522      0.000010115
     39.000000000      0.369717257      0.000010264
     40.000000000      0.369706839      0.000010418
     41.000000000      0.369696264      0.000010575
     42.000000000      0.369685528      0.000010736
     43.000000000      0.369674627      0.000010901
     44.000000000      0.369663557      0.000011070
     45.000000000      0.369652313      0.000011244
     46.000000000      0.369640891      0.000011422
     47.000000000      0.369629287      0.000011604
     48.000000000      0.369617496      0.000011791
     49.000000000      0.369605512      0.000011984
     50.000000000      0.369593331      0.000012181
     51.000000000      0.369580948      0.000012383
     52.000000000      0.369568357      0.000012591
     53.000000000      0.369555551      0.000012805
     54.000000000      0.369542526      0.000013025
     55.000000000      0.369529276      0.000013251
     56.000000000      0.369515792      0.000013483
     57.000000000      0.369502070      0.000013722
     58.000000000      0.369488102      0.000013968
     59.000000000      0.369473881      0.000014221
     60.000000000      0.369459400      0.000014482
     61.000000000      0.369444649      0.000014750
     62.000000000      0.369429622      0.000015027
     63.000000000      0.369414311      0.000015312
     64.000000000      0.369398705      0.000015606
     65.000000000      0.369382796      0.000015909
     66.000000000      0.369366571      0.000016225
     67.000000000      0.369350023      0.000016548
     68.000000000      0.369333141      0.000016881
     69.000000000      0.369315915      0.000017226
     70.000000000      0.369298334      0.000017582
     71.000000000      0.369280384      0.000017950
     72.000000000      0.369262091      0.000018293
     73.000000000      0.369243443      0.000018648
     74.000000000      0.369224406      0.000019037
     75.000000000      0.369204962      0.000019445
     76.000000000      0.369185045      0.000019917
     77.000000000      0.369164658      0.000020387
     78.000000000      0.369143771      0.000020887
