3 
------------------------------------------------------------ 
CSHORE applied to idealized planar slope 
------------------------------------------------------------ 
1                                         ->ILINE
0                                         ->IPROFL
0                                         ->IPERM
0                                         ->IOVER
0                                         ->IWCINT
0                                         ->IROLL 
0                                         ->IWIND 
0                                         ->ITIDE 
     1.0000                                ->DXC
     0.8000                                ->GAMMA 
0                                         ->ILAB
1                                         ->NWAVE 
1                                         ->NSURGE
       0.00    10.0000     3.0000    88.3665
    3600.00    10.0000     3.0000    88.3665
       0.00     0.0000
    3600.00     0.0000
     150                        -> NBINP
     0.0000   -25.2900     0.0150
     1.0000   -25.1110     0.0150
     2.0000   -24.9320     0.0150
     3.0000   -24.7520     0.0150
     4.4142   -24.6490     0.0150
     5.4142   -24.4700     0.0150
     6.4142   -24.2900     0.0150
     7.4142   -24.1110     0.0150
     8.4142   -23.9310     0.0150
     9.4142   -23.7520     0.0150
    10.8284   -23.6460     0.0150
    11.8284   -23.4660     0.0150
    12.8284   -23.2860     0.0150
    13.8284   -23.1060     0.0150
    14.8284   -22.9260     0.0150
    16.2426   -22.8180     0.0150
    17.2426   -22.6380     0.0150
    18.2426   -22.4580     0.0150
    19.2426   -22.2780     0.0150
    20.2426   -22.0980     0.0150
    21.6569   -21.9870     0.0150
    22.6569   -21.8070     0.0150
    23.6569   -21.6260     0.0150
    24.6569   -21.4460     0.0150
    25.6569   -21.2650     0.0150
    27.0711   -21.1530     0.0150
    28.0711   -20.9720     0.0150
    29.0711   -20.7910     0.0150
    30.0711   -20.6100     0.0150
    31.0711   -20.4300     0.0150
    32.4853   -20.3150     0.0150
    33.4853   -20.1340     0.0150
    34.4853   -19.9530     0.0150
    35.4853   -19.7710     0.0150
    36.4853   -19.5900     0.0150
    37.4853   -19.4090     0.0150
    38.8995   -19.2920     0.0150
    39.8995   -19.1100     0.0150
    40.8995   -18.9290     0.0150
    41.8995   -18.7470     0.0150
    42.8995   -18.5660     0.0150
    44.3137   -18.4460     0.0150
    45.3137   -18.2650     0.0150
    46.3137   -18.0830     0.0150
    47.3137   -17.9010     0.0150
    48.3137   -17.7190     0.0150
    49.7279   -17.5970     0.0150
    50.7279   -17.4150     0.0150
    51.7279   -17.2330     0.0150
    52.7279   -17.0510     0.0150
    53.7279   -16.8690     0.0150
    55.1421   -16.7450     0.0150
    56.1421   -16.5620     0.0150
    57.1421   -16.3800     0.0150
    58.1421   -16.1980     0.0150
    59.1421   -16.0150     0.0150
    60.1421   -15.8330     0.0150
    61.5563   -15.7060     0.0150
    62.5563   -15.5230     0.0150
    63.5563   -15.3410     0.0150
    64.5563   -15.1580     0.0150
    65.5563   -14.9750     0.0150
    66.9706   -14.8460     0.0150
    67.9706   -14.6630     0.0150
    68.9706   -14.4800     0.0150
    69.9706   -14.2970     0.0150
    70.9706   -14.1140     0.0150
    72.3848   -13.9830     0.0150
    73.3848   -13.7990     0.0150
    74.3848   -13.6160     0.0150
    75.3848   -13.4330     0.0150
    76.3848   -13.2490     0.0150
    77.7990   -13.1160     0.0150
    78.7990   -12.9320     0.0150
    79.7990   -12.7490     0.0150
    80.7990   -12.5650     0.0150
    81.7990   -12.3810     0.0150
    83.2132   -12.2460     0.0150
    84.2132   -12.0620     0.0150
    85.2132   -11.8780     0.0150
    86.2132   -11.6940     0.0150
    87.2132   -11.5100     0.0150
    88.2132   -11.3260     0.0150
    89.6274   -11.1880     0.0150
    90.6274   -11.0030     0.0150
    91.6274   -10.8190     0.0150
    92.6274   -10.6350     0.0150
    93.6274   -10.4510     0.0150
    95.0416   -10.3100     0.0150
    96.0416   -10.1260     0.0150
    97.0416    -9.9410     0.0150
    98.0416    -9.7570     0.0150
    99.0416    -9.5720     0.0150
   100.4558    -9.4290     0.0150
   101.4558    -9.2450     0.0150
   102.4558    -9.0600     0.0150
   103.4558    -8.8750     0.0150
   104.4558    -8.6900     0.0150
   105.8701    -8.5450     0.0150
   105.8701    -8.5450     0.0150
   107.2843    -8.4000     0.0150
   108.6985    -8.2530     0.0150
   110.1127    -8.1050     0.0150
   111.5269    -7.9560     0.0150
   112.9411    -7.8060     0.0150
   114.3553    -7.6550     0.0150
   115.7696    -7.5030     0.0150
   117.1838    -7.3500     0.0150
   118.5980    -7.1960     0.0150
   120.0122    -7.0410     0.0150
   121.4264    -6.8850     0.0150
   122.8406    -6.7280     0.0150
   124.2548    -6.5700     0.0150
   125.6690    -6.4110     0.0150
   127.0833    -6.2500     0.0150
   128.4975    -6.0890     0.0150
   129.9117    -5.9270     0.0150
   131.3259    -5.7640     0.0150
   132.7401    -5.6000     0.0150
   134.1543    -5.4340     0.0150
   135.5685    -5.2680     0.0150
   136.9828    -5.1010     0.0150
   138.3970    -4.9330     0.0150
   139.8112    -4.7640     0.0150
   141.2254    -4.5940     0.0150
   142.6396    -4.4230     0.0150
   144.0538    -4.2514     0.0150
   145.4680    -4.0792     0.0150
   146.8823    -3.9064     0.0150
   148.2965    -3.7352     0.0150
   149.7107    -3.5718     0.0150
   151.1249    -3.4111     0.0150
   152.5391    -3.2404     0.0150
   153.9533    -3.0627     0.0150
   155.3675    -2.8835     0.0150
   156.7817    -2.7019     0.0150
   158.1960    -2.5209     0.0150
   159.6102    -2.3431     0.0150
   161.0244    -2.1668     0.0150
   162.4386    -1.9902     0.0150
   163.8528    -1.8100     0.0150
   165.2670    -1.6232     0.0150
   166.6812    -1.4346     0.0150
   168.0955    -1.2575     0.0150
   169.5097    -1.0889     0.0150
   170.9239    -0.9111     0.0150
   172.3381    -0.6780     0.0150
   173.7523    -0.2664     0.0150
   175.1665     0.0504     0.0150
   176.5807     0.0126     0.0150
