       1      79        0.0
      0.000000000    -31.190000000
      1.000000000    -30.997666667
      2.000000000    -30.804800000
      3.000000000    -30.612142857
      4.000000000    -30.419333333
      5.000000000    -30.226666667
      6.000000000    -30.033888889
      7.000000000    -29.841111111
      8.000000000    -29.648333333
      9.000000000    -29.455666667
     10.000000000    -29.262888889
     11.000000000    -29.070111111
     12.000000000    -28.877333333
     13.000000000    -28.684666667
     14.000000000    -28.491888889
     15.000000000    -28.299111111
     16.000000000    -28.106333333
     17.000000000    -27.913555556
     18.000000000    -27.720777778
     19.000000000    -27.528000000
     20.000000000    -27.335222222
     21.000000000    -27.142444444
     22.000000000    -26.949666667
     23.000000000    -26.756888889
     24.000000000    -26.564111111
     25.000000000    -26.371333333
     26.000000000    -26.178666667
     27.000000000    -25.985888889
     28.000000000    -25.793111111
     29.000000000    -25.600333333
     30.000000000    -25.407666667
     31.000000000    -25.214888889
     32.000000000    -25.022111111
     33.000000000    -24.829333333
     34.000000000    -24.636666667
     35.000000000    -24.443888889
     36.000000000    -24.251111111
     37.000000000    -24.058333333
     38.000000000    -23.865555556
     39.000000000    -23.672777778
     40.000000000    -23.480000000
     41.000000000    -23.287222222
     42.000000000    -23.094444444
     43.000000000    -22.901666667
     44.000000000    -22.708888889
     45.000000000    -22.516111111
     46.000000000    -22.323333333
     47.000000000    -22.130666667
     48.000000000    -21.937888889
     49.000000000    -21.745111111
     50.000000000    -21.552333333
     51.000000000    -21.359666667
     52.000000000    -21.166888889
     53.000000000    -20.974111111
     54.000000000    -20.781333333
     55.000000000    -20.588666667
     56.000000000    -20.395888889
     57.000000000    -20.203111111
     58.000000000    -20.010333333
     59.000000000    -19.817555556
     60.000000000    -19.624777778
     61.000000000    -19.432000000
     62.000000000    -19.239222222
     63.000000000    -19.046444444
     64.000000000    -18.853666667
     65.000000000    -18.660888889
     66.000000000    -18.468111111
     67.000000000    -18.275333333
     68.000000000    -18.082666667
     69.000000000    -17.889888889
     70.000000000    -17.697111111
     71.000000000    -17.504333333
     72.000000000    -17.311666667
     73.000000000    -17.118888889
     74.000000000    -16.926113255
     75.000000000    -16.733431328
     76.000000000    -16.540603860
     77.000000000    -16.348006433
     78.000000000    -16.155019298
