       1      79     3600.0
      0.000000000      7.982872987      0.000006866      0.000130319
      1.000000000      7.982734096      0.000006855      0.000133163
      2.000000000      7.982592705      0.000005478      0.000134983
      3.000000000      7.982451461      0.000004885      0.000136694
      4.000000000      7.982310366      0.000004553      0.000138399
      5.000000000      7.982167668      0.000004165      0.000140250
      6.000000000      7.982023326      0.000003779      0.000141914
      7.000000000      7.981877311      0.000003393      0.000143606
      8.000000000      7.981729590      0.000003387      0.000145332
      9.000000000      7.981580135      0.000003382      0.000147092
     10.000000000      7.981428912      0.000003376      0.000148885
     11.000000000      7.981275889      0.000003371      0.000150711
     12.000000000      7.981121032      0.000003365      0.000152571
     13.000000000      7.980964306      0.000003360      0.000154467
     14.000000000      7.980805676      0.000003354      0.000156399
     15.000000000      7.980645106      0.000003349      0.000158368
     16.000000000      7.980482557      0.000003343      0.000160375
     17.000000000      7.980317990      0.000003338      0.000162422
     18.000000000      7.980151367      0.000003333      0.000164509
     19.000000000      7.979982646      0.000003327      0.000166638
     20.000000000      7.979811784      0.000003322      0.000168809
     21.000000000      7.979638740      0.000003317      0.000171025
     22.000000000      7.979463467      0.000003312      0.000173286
     23.000000000      7.979285922      0.000003307      0.000175593
     24.000000000      7.979106055      0.000003302      0.000177949
     25.000000000      7.978923819      0.000003297      0.000180353
     26.000000000      7.978739164      0.000003292      0.000182809
     27.000000000      7.978552039      0.000003287      0.000185317
     28.000000000      7.978362389      0.000003282      0.000187880
     29.000000000      7.978170161      0.000003277      0.000190498
     30.000000000      7.977975298      0.000003273      0.000193174
     31.000000000      7.977777742      0.000003268      0.000195909
     32.000000000      7.977577432      0.000003264      0.000198705
     33.000000000      7.977374306      0.000003259      0.000201565
     34.000000000      7.977168301      0.000003255      0.000204490
     35.000000000      7.976959351      0.000003250      0.000207483
     36.000000000      7.976747386      0.000003246      0.000210545
     37.000000000      7.976532337      0.000003242      0.000213679
     38.000000000      7.976314130      0.000003237      0.000216887
     39.000000000      7.976092691      0.000003233      0.000220173
     40.000000000      7.975867940      0.000003229      0.000223538
     41.000000000      7.975639798      0.000003225      0.000226985
     42.000000000      7.975408182      0.000003221      0.000230518
     43.000000000      7.975173005      0.000003218      0.000234138
     44.000000000      7.974934179      0.000003214      0.000237849
     45.000000000      7.974691610      0.000003210      0.000241655
     46.000000000      7.974445203      0.000003207      0.000245559
     47.000000000      7.974194861      0.000003203      0.000249563
     48.000000000      7.973940480      0.000003200      0.000253673
     49.000000000      7.973681954      0.000003197      0.000257891
     50.000000000      7.973419171      0.000003193      0.000262223
     51.000000000      7.973152019      0.000003190      0.000266671
     52.000000000      7.972880379      0.000003187      0.000271242
     53.000000000      7.972604126      0.000003184      0.000275939
     54.000000000      7.972323132      0.000003182      0.000280767
     55.000000000      7.972037266      0.000003179      0.000285731
     56.000000000      7.971746389      0.000003176      0.000290838
     57.000000000      7.971450356      0.000003174      0.000296092
     58.000000000      7.971149017      0.000003171      0.000301500
     59.000000000      7.970842218      0.000003169      0.000307067
     60.000000000      7.970529795      0.000003167      0.000312801
     61.000000000      7.970211582      0.000003165      0.000318708
     62.000000000      7.969887400      0.000003163      0.000324796
     63.000000000      7.969557069      0.000003161      0.000331073
     64.000000000      7.969220396      0.000003160      0.000337545
     65.000000000      7.968877183      0.000003158      0.000344222
     66.000000000      7.968527153      0.000003157      0.000351113
     67.000000000      7.968170154      0.000003156      0.000358228
     68.000000000      7.967805963      0.000002980      0.000365574
     69.000000000      7.967434343      0.000002804      0.000373161
     70.000000000      7.967055044      0.000002482      0.000381002
     71.000000000      7.966667808      0.000002245      0.000389110
     72.000000000      7.966273162      0.000002093      0.000397499
     73.000000000      7.965870858      0.000001928      0.000406183
     74.000000000      7.965460174      0.000001926      0.000415177
     75.000000000      7.965040687      0.000001576      0.000424037
     76.000000000      7.964611015      0.000001575      0.000433316
     77.000000000      7.964171185      0.000002197      0.000443050
     78.000000000      7.963720587      0.000003133      0.000453269
