       1      79     3600.0
      0.000000000      0.000000000     31.190000000      1.060660172
      1.000000000     -0.000257023     30.997409643      1.059758926
      2.000000000     -0.000171572     30.804628428      1.058860872
      3.000000000     -0.000314311     30.611828546      1.057967151
      4.000000000     -0.000333185     30.419000149      1.057078005
      5.000000000     -0.000454007     30.226212659      1.056188116
      6.000000000     -0.000514375     30.033374514      1.055301569
      7.000000000     -0.000566136     29.840544975      1.054418816
      8.000000000     -0.000632610     29.647700724      1.053539909
      9.000000000     -0.000795642     29.454871025      1.052665143
     10.000000000     -0.000861272     29.262027617      1.051794569
     11.000000000     -0.000928288     29.069182823      1.050928425
     12.000000000     -0.000996721     28.876336613      1.050066894
     13.000000000     -0.001177712     28.683488954      1.049210162
     14.000000000     -0.001261424     28.490627465      1.048358365
     15.000000000     -0.001346649     28.297764462      1.047511751
     16.000000000     -0.001433421     28.104899912      1.046670516
     17.000000000     -0.001521775     27.912033781      1.045834860
     18.000000000     -0.001624099     27.719153679      1.045004930
     19.000000000     -0.001728079     27.526271921      1.044180987
     20.000000000     -0.001833754     27.333388468      1.043363242
     21.000000000     -0.001941164     27.140503281      1.042551907
     22.000000000     -0.002037996     26.947628671      1.041747247
     23.000000000     -0.002136646     26.754752243      1.040949435
     24.000000000     -0.002237158     26.561873953      1.040158695
     25.000000000     -0.002339577     26.368993756      1.039375255
     26.000000000     -0.002542709     26.176123958      1.038599394
     27.000000000     -0.002636732     25.983252157      1.037831303
     28.000000000     -0.002732808     25.790378303      1.037071223
     29.000000000     -0.002830989     25.597502344      1.036319399
     30.000000000     -0.003030086     25.404636581      1.035576125
     31.000000000     -0.003132638     25.211756250      1.034841564
     32.000000000     -0.003237463     25.018873648      1.034116025
     33.000000000     -0.003344619     24.825988715      1.033399772
     34.000000000     -0.003565279     24.633101388      1.032693076
     35.000000000     -0.003689638     24.440199251      1.031996166
     36.000000000     -0.003816521     24.247294590      1.031309369
     37.000000000     -0.003945996     24.054387338      1.030632974
     38.000000000     -0.004078133     23.861477422      1.029967273
     39.000000000     -0.004225362     23.668552416      1.029312520
     40.000000000     -0.004375405     23.475624595      1.028669066
     41.000000000     -0.004528340     23.282693882      1.028037223
     42.000000000     -0.004684251     23.089760194      1.027417308
     43.000000000     -0.004830865     22.896835801      1.026809683
     44.000000000     -0.004980630     22.703908259      1.026214644
     45.000000000     -0.005133636     22.510977475      1.025632533
     46.000000000     -0.005289980     22.318043353      1.025063697
     47.000000000     -0.005548515     22.125118151      1.024508523
     48.000000000     -0.005699480     21.932189408      1.023967344
     49.000000000     -0.005854094     21.739257017      1.023440534
     50.000000000     -0.006012470     21.546320864      1.022928476
     51.000000000     -0.006273475     21.353393191      1.022431587
     52.000000000     -0.006439726     21.160449163      1.021950207
     53.000000000     -0.006610104     20.967501007      1.021484784
     54.000000000     -0.006784740     20.774548594      1.021035739
     55.000000000     -0.007074883     20.581591783      1.020603505
     56.000000000     -0.007270813     20.388618075      1.020188499
     57.000000000     -0.007471434     20.195639678      1.019791206
     58.000000000     -0.007676900     20.002656433      1.019412097
     59.000000000     -0.007887376     19.809668180      1.019051653
     60.000000000     -0.008115391     19.616662387      1.018710344
     61.000000000     -0.008348765     19.423651235      1.018388706
     62.000000000     -0.008587683     19.230634539      1.018087264
     63.000000000     -0.008832342     19.037612103      1.017806556
     64.000000000     -0.009070580     18.844596086      1.017547147
     65.000000000     -0.009314975     18.651573914      1.017309600
     66.000000000     -0.009565750     18.458545361      1.017094502
     67.000000000     -0.009823140     18.265510194      1.016902464
     68.000000000     -0.010186134     18.072480532      1.016734119
     69.000000000     -0.010445136     17.879443753      1.016590117
     70.000000000     -0.010711287     17.686399824      1.016471129
     71.000000000     -0.010974441     17.493358892      1.016377844
     72.000000000     -0.011362208     17.300304459      1.016310974
     73.000000000     -0.011639432     17.107249457      1.016271232
     74.000000000     -0.011950718     16.914162537      1.016259412
     75.000000000     -0.012329462     16.721101867      1.016237020
     76.000000000     -0.012588854     16.528015005      1.016252027
     77.000000000     -0.013093705     16.334912728      1.016305978
     78.000000000     -0.013320945     16.141698353      1.016400585
