       1      79     3600.0
      0.000000000      0.629966866     -0.000009110
      1.000000000      0.632424599     -0.000007201
      2.000000000      0.634909471     -0.000007275
      3.000000000      0.637412400     -0.000007389
      4.000000000      0.639938376     -0.000007506
      5.000000000      0.642483661     -0.000007600
      6.000000000      0.645051908     -0.000007697
      7.000000000      0.647641946     -0.000007795
      8.000000000      0.650254080     -0.000007895
      9.000000000      0.652887091     -0.000007998
     10.000000000      0.655544351     -0.000008103
     11.000000000      0.658224673     -0.000008211
     12.000000000      0.660928394     -0.000008321
     13.000000000      0.663654278     -0.000008433
     14.000000000      0.666405840     -0.000008549
     15.000000000      0.669181877     -0.000008667
     16.000000000      0.671982765     -0.000008788
     17.000000000      0.674808892     -0.000008911
     18.000000000      0.677660659     -0.000009038
     19.000000000      0.680538474     -0.000009168
     20.000000000      0.683442759     -0.000009301
     21.000000000      0.686373947     -0.000009438
     22.000000000      0.689332484     -0.000009578
     23.000000000      0.692318826     -0.000009721
     24.000000000      0.695333446     -0.000009869
     25.000000000      0.698376826     -0.000010020
     26.000000000      0.701447675     -0.000010174
     27.000000000      0.704550067     -0.000010333
     28.000000000      0.707682756     -0.000010497
     29.000000000      0.710846285     -0.000010664
     30.000000000      0.714039349     -0.000010836
     31.000000000      0.717266226     -0.000011013
     32.000000000      0.720525664     -0.000011195
     33.000000000      0.723818271     -0.000011381
     34.000000000      0.727142735     -0.000011573
     35.000000000      0.730503556     -0.000011770
     36.000000000      0.733899481     -0.000011973
     37.000000000      0.737331193     -0.000012182
     38.000000000      0.740799396     -0.000012397
     39.000000000      0.744304815     -0.000012618
     40.000000000      0.747848200     -0.000012845
     41.000000000      0.751430321     -0.000013080
     42.000000000      0.755051972     -0.000013321
     43.000000000      0.758713974     -0.000013570
     44.000000000      0.762417170     -0.000013826
     45.000000000      0.766162432     -0.000014090
     46.000000000      0.769950660     -0.000014363
     47.000000000      0.773780545     -0.000014643
     48.000000000      0.777657491     -0.000014933
     49.000000000      0.781580276     -0.000015233
     50.000000000      0.785549920     -0.000015541
     51.000000000      0.789565133     -0.000015860
     52.000000000      0.793631664     -0.000016190
     53.000000000      0.797748322     -0.000016531
     54.000000000      0.801916269     -0.000016883
     55.000000000      0.806134243     -0.000017247
     56.000000000      0.810408385     -0.000017623
     57.000000000      0.814737546     -0.000018013
     58.000000000      0.819123055     -0.000018416
     59.000000000      0.823566290     -0.000018834
     60.000000000      0.828068675     -0.000019267
     61.000000000      0.832631685     -0.000019715
     62.000000000      0.837256847     -0.000020180
     63.000000000      0.841945747     -0.000020663
     64.000000000      0.846700023     -0.000021163
     65.000000000      0.851521377     -0.000021682
     66.000000000      0.856411566     -0.000022220
     67.000000000      0.861372428     -0.000022781
     68.000000000      0.866402916     -0.000023362
     69.000000000      0.871510850     -0.000023967
     70.000000000      0.876695376     -0.000024597
     71.000000000      0.881958620     -0.000025252
     72.000000000      0.887299755     -0.000025944
     73.000000000      0.892727296     -0.000026665
     74.000000000      0.898240446     -0.000027410
     75.000000000      0.903838974     -0.000028185
     76.000000000      0.909532400     -0.000028981
     77.000000000      0.915312215     -0.000029816
     78.000000000      0.921200084     -0.000030687
