       1      79     3600.0
      0.000000000     -0.019546665      0.361245736
      1.000000000     -0.019687762      0.363018438
      2.000000000     -0.019832268      0.364818826
      3.000000000     -0.019980182      0.366646027
      4.000000000     -0.020131639      0.368500856
      5.000000000     -0.020282287      0.370349034
      6.000000000     -0.020435634      0.372218308
      7.000000000     -0.020591704      0.374108510
      8.000000000     -0.020750584      0.376020236
      9.000000000     -0.020912320      0.377953584
     10.000000000     -0.021077009      0.379909238
     11.000000000     -0.021244717      0.381887490
     12.000000000     -0.021415523      0.383888764
     13.000000000     -0.021589508      0.385913491
     14.000000000     -0.021766765      0.387962240
     15.000000000     -0.021947370      0.390035341
     16.000000000     -0.022131413      0.392133261
     17.000000000     -0.022318986      0.394256478
     18.000000000     -0.022510195      0.396405613
     19.000000000     -0.022705128      0.398581040
     20.000000000     -0.022903886      0.400783277
     21.000000000     -0.023106575      0.403012852
     22.000000000     -0.023313289      0.405270158
     23.000000000     -0.023524156      0.407555905
     24.000000000     -0.023739292      0.409870666
     25.000000000     -0.023958818      0.412215032
     26.000000000     -0.024182843      0.414589446
     27.000000000     -0.024411514      0.416994692
     28.000000000     -0.024644964      0.419431408
     29.000000000     -0.024883332      0.421900254
     30.000000000     -0.025126747      0.424401735
     31.000000000     -0.025375389      0.426936868
     32.000000000     -0.025629400      0.429506218
     33.000000000     -0.025888941      0.432110522
     34.000000000     -0.026154180      0.434750537
     35.000000000     -0.026425307      0.437427207
     36.000000000     -0.026702487      0.440141175
     37.000000000     -0.026985909      0.442893270
     38.000000000     -0.027275766      0.445684343
     39.000000000     -0.027572281      0.448515445
     40.000000000     -0.027875647      0.451387312
     41.000000000     -0.028186084      0.454300880
     42.000000000     -0.028503821      0.457257110
     43.000000000     -0.028829073      0.460256790
     44.000000000     -0.029162111      0.463301149
     45.000000000     -0.029503193      0.466391243
     46.000000000     -0.029852589      0.469528165
     47.000000000     -0.030210553      0.472712823
     48.000000000     -0.030577405      0.475946597
     49.000000000     -0.030953450      0.479230690
     50.000000000     -0.031339007      0.482566346
     51.000000000     -0.031734381      0.485954617
     52.000000000     -0.032139972      0.489397268
     53.000000000     -0.032556120      0.492895472
     54.000000000     -0.032983206      0.496450652
     55.000000000     -0.033421629      0.500064282
     56.000000000     -0.033871831      0.503738105
     57.000000000     -0.034334222      0.507473487
     58.000000000     -0.034809261      0.511272065
     59.000000000     -0.035297425      0.515135537
     60.000000000     -0.035799246      0.519065896
     61.000000000     -0.036315222      0.523064738
     62.000000000     -0.036845906      0.527133958
     63.000000000     -0.037391879      0.531275523
     64.000000000     -0.037953709      0.535491181
     65.000000000     -0.038532076      0.539783342
     66.000000000     -0.039127654      0.544154211
     67.000000000     -0.039741153      0.548606082
     68.000000000     -0.040373272      0.553141025
     69.000000000     -0.041024844      0.557761836
     70.000000000     -0.041696696      0.562471095
     71.000000000     -0.042389659      0.567271209
     72.000000000     -0.043104721      0.572165419
     73.000000000     -0.043842785      0.577156219
     74.000000000     -0.044605032      0.582247599
     75.000000000     -0.045357428      0.587299941
     76.000000000     -0.046142151      0.592486494
     77.000000000     -0.046961337      0.597813341
     78.000000000     -0.047817797      0.603290046
