       1      79     3600.0
      0.000000000      0.642787158      0.015448551      0.303120800
      1.000000000      0.641784455      0.015524679      0.303794389
      2.000000000      0.640767843      0.015549783      0.304471139
      3.000000000      0.639741098      0.015607595      0.305150540
      4.000000000      0.638702185      0.015699299      0.305832702
      5.000000000      0.637652581      0.015785748      0.306514121
      6.000000000      0.636590792      0.015887796      0.307197728
      7.000000000      0.635517303      0.015980322      0.307883364
      8.000000000      0.634431997      0.016095574      0.308571156
      9.000000000      0.633335392      0.016233838      0.309261044
     10.000000000      0.632226104      0.016374438      0.309953182
     11.000000000      0.631104640      0.016517277      0.310647578
     12.000000000      0.629970877      0.016662402      0.311344285
     13.000000000      0.628825355      0.016809868      0.312043361
     14.000000000      0.627666628      0.016959735      0.312744905
     15.000000000      0.626495224      0.017112064      0.313448934
     16.000000000      0.625311015      0.017266909      0.314155507
     17.000000000      0.624113871      0.017424333      0.314864688
     18.000000000      0.622903657      0.017584402      0.315576584
     19.000000000      0.621680242      0.017747186      0.316291218
     20.000000000      0.620443488      0.017912747      0.317008657
     21.000000000      0.619193258      0.018081155      0.317728971
     22.000000000      0.617929412      0.018252478      0.318452184
     23.000000000      0.616651808      0.018426789      0.319178417
     24.000000000      0.615360304      0.018604172      0.319907746
     25.000000000      0.614054753      0.018784708      0.320640249
     26.000000000      0.612735773      0.018968474      0.321375958
     27.000000000      0.611401692      0.019155553      0.322115003
     28.000000000      0.610053115      0.019346041      0.322857470
     29.000000000      0.608689889      0.019540030      0.323603444
     30.000000000      0.607312654      0.019737609      0.324352968
     31.000000000      0.605919664      0.019938877      0.325106228
     32.000000000      0.604511547      0.020143948      0.325863274
     33.000000000      0.603088140      0.020352919      0.326624202
     34.000000000      0.601650110      0.020565900      0.327389112
     35.000000000      0.600195629      0.020783006      0.328158157
     36.000000000      0.598725350      0.021004359      0.328931393
     37.000000000      0.597239100      0.021230072      0.329708931
     38.000000000      0.595736699      0.021460270      0.330490882
     39.000000000      0.594217969      0.021695089      0.331277412
     40.000000000      0.592682726      0.021934667      0.332068589
     41.000000000      0.591130783      0.022179136      0.332864537
     42.000000000      0.589561950      0.022428641      0.333665381
     43.000000000      0.587976035      0.022683327      0.334471197
     44.000000000      0.586372840      0.022943346      0.335282171
     45.000000000      0.584752166      0.023208870      0.336098442
     46.000000000      0.583113810      0.023480071      0.336920150
     47.000000000      0.581458523      0.023757116      0.337747386
     48.000000000      0.579784185      0.024040183      0.338580354
     49.000000000      0.578091531      0.024329475      0.339419209
     50.000000000      0.576380341      0.024625190      0.340264110
     51.000000000      0.574651393      0.024927526      0.341115164
     52.000000000      0.572902467      0.025236699      0.341972650
     53.000000000      0.571134320      0.025552951      0.342836689
     54.000000000      0.569346716      0.025876503      0.343707461
     55.000000000      0.567540460      0.026207600      0.344585151
     56.000000000      0.565713222      0.026546501      0.345470006
     57.000000000      0.563865786      0.026893478      0.346362168
     58.000000000      0.561997893      0.027248795      0.347261840
     59.000000000      0.560109282      0.027612739      0.348169232
     60.000000000      0.558199682      0.027985619      0.349084620
     61.000000000      0.556268820      0.028367758      0.350008169
     62.000000000      0.554316415      0.028760119      0.350940112
     63.000000000      0.552342178      0.029162423      0.351880687
     64.000000000      0.550345817      0.029575014      0.352830079
     65.000000000      0.548327030      0.029998260      0.353788605
     66.000000000      0.546285510      0.030432578      0.354756531
     67.000000000      0.544220941      0.030878382      0.355734131
     68.000000000      0.542134211      0.031328924      0.356721621
     69.000000000      0.540022583      0.031784421      0.357719364
     70.000000000      0.537886913      0.032249216      0.358727663
     71.000000000      0.535726855      0.032724195      0.359746776
     72.000000000      0.533543317      0.033219789      0.360777115
     73.000000000      0.531333417      0.033733264      0.361818937
     74.000000000      0.529098055      0.034267308      0.362872776
     75.000000000      0.526837926      0.034774596      0.363921943
     76.000000000      0.524549819      0.035320643      0.364987117
     77.000000000      0.522237800      0.035929796      0.366068949
     78.000000000      0.519893978      0.036570534      0.367168759
